2  0.03886222839355469
1  0.04845309257507324
1  0.05062222480773926
6  0.03601193428039551
6  0.04883098602294922
4  0.04903602600097656
2  0.04957413673400879
5  0.0380859375
2  0.0492243766784668
5  0.05037999153137207
8  0.04823803901672363
5  0.03704094886779785
2  0.04986166954040527
3  0.045662879943847656
2  0.03672599792480469
5  0.04700899124145508
2  0.04917025566101074
3  0.04621100425720215
3  0.0490720272064209
3  0.03557467460632324
5  0.050314903259277344
5  0.04934501647949219
8  0.049288272857666016
8  0.03560590744018555
9  0.052774906158447266
7  0.048850297927856445
8  0.04793667793273926
6  0.037641048431396484
5  0.049195051193237305
6  0.048876047134399414
6  0.04796886444091797
6  0.03702712059020996
5  0.04937601089477539
5  0.04836702346801758
6  0.04855608940124512
5  0.04986119270324707
4  0.0354459285736084
5  0.05082821846008301
6  0.04824209213256836
8  0.049945831298828125
7  0.04771709442138672
7  0.03720688819885254
6  0.05059814453125
5  0.04883384704589844
4  0.04878497123718262
3  0.049315690994262695
3  0.05022692680358887
3  0.048036813735961914
6  0.03662419319152832
4  0.052124977111816406
4  0.04656267166137695
1  0.05021810531616211
2  0.03757119178771973
2  0.050436973571777344
3  0.048364877700805664
2  0.04804682731628418
1  0.04956698417663574
2  0.04796314239501953
6  0.03771710395812988
4  0.047882795333862305
1  0.04921412467956543
3  0.03408193588256836
6  0.05125117301940918
7  0.04536080360412598
4  0.04938983917236328
4  0.0493931770324707
4  0.03699302673339844
5  0.04891395568847656
6  0.049163103103637695
6  0.050031185150146484
5  0.04753279685974121
6  0.038289785385131836
5  0.049181222915649414
5  0.04738783836364746
5  0.04875588417053223
6  0.03538012504577637
6  0.04921388626098633
3  0.04915189743041992
1  0.03543806076049805
2  0.04912304878234863
2  0.04807591438293457
4  0.04967498779296875
3  0.04774904251098633
3  0.04839611053466797
3  0.036717891693115234
3  0.05000710487365723
2  0.046154022216796875
1  0.04950094223022461
1  0.04649615287780762
1  0.04939603805541992
2  0.047553062438964844
2  0.048752784729003906
3  0.03683900833129883
3  0.04983925819396973
4  0.04888606071472168
5  0.04865717887878418
4  0.03632926940917969
4  0.0625462532043457
5  0.033701181411743164
4  0.050523996353149414
4  0.048320770263671875
4  0.037011146545410156
4  0.050171852111816406
4  0.04880785942077637
5  0.04844403266906738
5  0.04878807067871094
5  0.03631401062011719
4  0.05059480667114258
5  0.04879617691040039
5  0.04871869087219238
5  0.04900002479553223
5  0.03742480278015137
5  0.049761056900024414
5  0.049440860748291016
6  0.047556161880493164
4  0.04896378517150879
5  0.03804636001586914
5  0.048680782318115234
5  0.04986000061035156
5  0.048889875411987305
5  0.03580904006958008
5  0.04922986030578613
5  0.041314125061035156
4  0.04259896278381348
4  0.05207085609436035
4  0.03602910041809082
6  0.049825191497802734
6  0.050022125244140625
4  0.048323869705200195
4  0.04810285568237305
5  0.03672981262207031
3  0.05041193962097168
